/*八皇后源代码如下所示，解决这个问题有递归法和迭代法，我所使用的是函数的递归调用，没有写注释，都是原创,我自己写的，我是一个初学者，写得很差，望谅解*/

#include<stdio.h>
void fun(int i,int j);
static b[8][8];
void main()
	{
	fun(0,0);

	}
int knock(int i,int j)
		{int temp_i,temp_j,k;
		temp_i=i;temp_j=j;
		for(i=i-1;i>=0;i--)
			if(b[i][j]==1)
				return 1;
		 for(i=temp_i-1,k=temp_j+1,j=temp_j-1;i>=0;i--,j--,k++)
				{if(j>=0&&b[i][j]==1)
					return 1;
				if(k<8&&b[i][k]==1)
					return 1;
				}
		return 0;
		}
void cls(int i)
		{int j;
		for(;i<8;i++)
			{
			for(j=0;j<8;j++)
				b[i][j]=0;
			}

		}
void print(void)
		{int i,j;static int n=1;
		 printf("--------------------------\n第%d种\n",n++);
			for(j=0;j<8;j++)
				{
				for(i=0;i<8;i++)
					{if(b[i][j]==1)
					    printf("* ");
					 else
						printf("0 ");
					}
				printf("\n");
			
				}
		   printf("\n");//	getchar();
		}
void fun(int i,int j)
		{if(i<8)
			{
			for(;j<8;j++)
				{cls(i);
				if(knock(i,j)==1)
					continue;
				b[i][j]=1;     
				fun(i+1,0);
				}
			
			}
		else
			print();
		}



/*以下为运行的结果：

--------------------------
第1种
* 0 0 0 0 0 0 0 
0 0 0 0 0 0 * 0 
0 0 0 0 * 0 0 0 
0 0 0 0 0 0 0 * 
0 * 0 0 0 0 0 0 
0 0 0 * 0 0 0 0 
0 0 0 0 0 * 0 0 
0 0 * 0 0 0 0 0 

--------------------------
第2种
* 0 0 0 0 0 0 0 
0 0 0 0 0 0 * 0 
0 0 0 * 0 0 0 0 
0 0 0 0 0 * 0 0 
0 0 0 0 0 0 0 * 
0 * 0 0 0 0 0 0 
0 0 0 0 * 0 0 0 
0 0 * 0 0 0 0 0 

--------------------------
第3种
* 0 0 0 0 0 0 0 
0 0 0 0 0 * 0 0 
0 0 0 0 0 0 0 * 
0 0 * 0 0 0 0 0 
0 0 0 0 0 0 * 0 
0 0 0 * 0 0 0 0 
0 * 0 0 0 0 0 0 
0 0 0 0 * 0 0 0 

--------------------------
第4种
* 0 0 0 0 0 0 0 
0 0 0 0 * 0 0 0 
0 0 0 0 0 0 0 * 
0 0 0 0 0 * 0 0 
0 0 * 0 0 0 0 0 
0 0 0 0 0 0 * 0 
0 * 0 0 0 0 0 0 
0 0 0 * 0 0 0 0 

--------------------------
第5种
0 0 0 0 0 * 0 0 
* 0 0 0 0 0 0 0 
0 0 0 0 * 0 0 0 
0 * 0 0 0 0 0 0 
0 0 0 0 0 0 0 * 
0 0 * 0 0 0 0 0 
0 0 0 0 0 0 * 0 
0 0 0 * 0 0 0 0 

--------------------------
第6种
0 0 0 * 0 0 0 0 
* 0 0 0 0 0 0 0 
0 0 0 0 * 0 0 0 
0 0 0 0 0 0 0 * 
0 * 0 0 0 0 0 0 
0 0 0 0 0 0 * 0 
0 0 * 0 0 0 0 0 
0 0 0 0 0 * 0 0 

--------------------------
第7种
0 0 0 0 * 0 0 0 
* 0 0 0 0 0 0 0 
0 0 0 0 0 0 0 * 
0 0 0 * 0 0 0 0 
0 * 0 0 0 0 0 0 
0 0 0 0 0 0 * 0 
0 0 * 0 0 0 0 0 
0 0 0 0 0 * 0 0 

--------------------------
第8种
0 0 * 0 0 0 0 0 
* 0 0 0 0 0 0 0 
0 0 0 0 0 0 * 0 
0 0 0 0 * 0 0 0 
0 0 0 0 0 0 0 * 
0 * 0 0 0 0 0 0 
0 0 0 * 0 0 0 0 
0 0 0 0 0 * 0 0 

--------------------------
第9种
0 0 0 0 * 0 0 0 
* 0 0 0 0 0 0 0 
0 0 0 * 0 0 0 0 
0 0 0 0 0 * 0 0 
0 0 0 0 0 0 0 * 
0 * 0 0 0 0 0 0 
0 0 0 0 0 0 * 0 
0 0 * 0 0 0 0 0 

--------------------------
第10种
0 0 0 0 0 0 * 0 
* 0 0 0 0 0 0 0 
0 0 * 0 0 0 0 0 
0 0 0 0 0 0 0 * 
0 0 0 0 0 * 0 0 
0 0 0 * 0 0 0 0 
0 * 0 0 0 0 0 0 
0 0 0 0 * 0 0 0 

--------------------------
第11种
0 0 0 0 * 0 0 0 
* 0 0 0 0 0 0 0 
0 0 0 0 0 0 0 * 
0 0 0 0 0 * 0 0 
0 0 * 0 0 0 0 0 
0 0 0 0 0 0 * 0 
0 * 0 0 0 0 0 0 
0 0 0 * 0 0 0 0 

--------------------------
第12种
0 0 0 * 0 0 0 0 
* 0 0 0 0 0 0 0 
0 0 0 0 * 0 0 0 
0 0 0 0 0 0 0 * 
0 0 0 0 0 * 0 0 
0 0 * 0 0 0 0 0 
0 0 0 0 0 0 * 0 
0 * 0 0 0 0 0 0 

--------------------------
第13种
0 * 0 0 0 0 0 0 
0 0 0 0 0 * 0 0 
* 0 0 0 0 0 0 0 
0 0 0 0 0 0 * 0 
0 0 0 * 0 0 0 0 
0 0 0 0 0 0 0 * 
0 0 * 0 0 0 0 0 
0 0 0 0 * 0 0 0 

--------------------------
第14种
0 0 0 0 * 0 0 0 
0 0 * 0 0 0 0 0 
* 0 0 0 0 0 0 0 
0 0 0 0 0 0 * 0 
0 * 0 0 0 0 0 0 
0 0 0 0 0 0 0 * 
0 0 0 0 0 * 0 0 
0 0 0 * 0 0 0 0 

--------------------------
第15种
0 0 0 0 0 0 0 * 
0 0 * 0 0 0 0 0 
* 0 0 0 0 0 0 0 
0 0 0 0 0 * 0 0 
0 * 0 0 0 0 0 0 
0 0 0 0 * 0 0 0 
0 0 0 0 0 0 * 0 
0 0 0 * 0 0 0 0 

--------------------------
第16种
0 0 0 * 0 0 0 0 
0 0 0 0 0 * 0 0 
* 0 0 0 0 0 0 0 
0 0 0 0 * 0 0 0 
0 * 0 0 0 0 0 0 
0 0 0 0 0 0 0 * 
0 0 * 0 0 0 0 0 
0 0 0 0 0 0 * 0 

--------------------------
第17种
0 0 0 0 * 0 0 0 
0 0 0 0 0 0 * 0 
* 0 0 0 0 0 0 0 
0 0 0 * 0 0 0 0 
0 * 0 0 0 0 0 0 
0 0 0 0 0 0 0 * 
0 0 0 0 0 * 0 0 
0 0 * 0 0 0 0 0 

--------------------------
第18种
0 0 0 0 0 * 0 0 
0 0 * 0 0 0 0 0 
* 0 0 0 0 0 0 0 
0 0 0 0 0 0 0 * 
0 0 0 * 0 0 0 0 
0 * 0 0 0 0 0 0 
0 0 0 0 0 0 * 0 
0 0 0 0 * 0 0 0 

--------------------------
第19种
0 0 0 0 * 0 0 0 
0 0 * 0 0 0 0 0 
* 0 0 0 0 0 0 0 
0 0 0 0 0 * 0 0 
0 0 0 0 0 0 0 * 
0 * 0 0 0 0 0 0 
0 0 0 * 0 0 0 0 
0 0 0 0 0 0 * 0 

--------------------------
第20种
0 0 0 0 0 * 0 0 
0 0 * 0 0 0 0 0 
* 0 0 0 0 0 0 0 
0 0 0 0 0 0 0 * 
0 0 0 0 * 0 0 0 
0 * 0 0 0 0 0 0 
0 0 0 * 0 0 0 0 
0 0 0 0 0 0 * 0 

--------------------------
第21种
0 0 0 * 0 0 0 0 
0 0 0 0 0 0 0 * 
* 0 0 0 0 0 0 0 
0 0 * 0 0 0 0 0 
0 0 0 0 0 * 0 0 
0 * 0 0 0 0 0 0 
0 0 0 0 0 0 * 0 
0 0 0 0 * 0 0 0 

--------------------------
第22种
0 0 0 0 0 0 0 * 
0 0 0 * 0 0 0 0 
* 0 0 0 0 0 0 0 
0 0 * 0 0 0 0 0 
0 0 0 0 0 * 0 0 
0 * 0 0 0 0 0 0 
0 0 0 0 0 0 * 0 
0 0 0 0 * 0 0 0 

--------------------------
第23种
0 0 0 * 0 0 0 0 
0 0 0 0 0 0 0 * 
* 0 0 0 0 0 0 0 
0 0 0 0 * 0 0 0 
0 0 0 0 0 0 * 0 
0 * 0 0 0 0 0 0 
0 0 0 0 0 * 0 0 
0 0 * 0 0 0 0 0 

--------------------------
第24种
0 0 0 * 0 0 0 0 
0 0 0 0 0 0 * 0 
* 0 0 0 0 0 0 0 
0 0 0 0 0 0 0 * 
0 0 0 0 * 0 0 0 
0 * 0 0 0 0 0 0 
0 0 0 0 0 * 0 0 
0 0 * 0 0 0 0 0 

--------------------------
第25种
0 0 0 0 0 * 0 0 
0 0 0 * 0 0 0 0 
* 0 0 0 0 0 0 0 
0 0 0 0 * 0 0 0 
0 0 0 0 0 0 0 * 
0 * 0 0 0 0 0 0 
0 0 0 0 0 0 * 0 
0 0 * 0 0 0 0 0 

--------------------------
第26种
0 0 0 0 0 * 0 0 
0 0 * 0 0 0 0 0 
* 0 0 0 0 0 0 0 
0 0 0 0 0 0 * 0 
0 0 0 0 * 0 0 0 
0 0 0 0 0 0 0 * 
0 * 0 0 0 0 0 0 
0 0 0 * 0 0 0 0 

--------------------------
第27种
0 0 0 0 0 0 * 0 
0 0 * 0 0 0 0 0 
* 0 0 0 0 0 0 0 
0 0 0 0 0 * 0 0 
0 0 0 0 0 0 0 * 
0 0 0 0 * 0 0 0 
0 * 0 0 0 0 0 0 
0 0 0 * 0 0 0 0 

--------------------------
第28种
0 0 0 0 * 0 0 0 
0 0 0 0 0 0 * 0 
* 0 0 0 0 0 0 0 
0 0 * 0 0 0 0 0 
0 0 0 0 0 0 0 * 
0 0 0 0 0 * 0 0 
0 0 0 * 0 0 0 0 
0 * 0 0 0 0 0 0 

--------------------------
第29种
0 * 0 0 0 0 0 0 
0 0 0 0 * 0 0 0 
0 0 0 0 0 0 * 0 
* 0 0 0 0 0 0 0 
0 0 * 0 0 0 0 0 
0 0 0 0 0 0 0 * 
0 0 0 0 0 * 0 0 
0 0 0 * 0 0 0 0 

--------------------------
第30种
0 * 0 0 0 0 0 0 
0 0 0 0 0 0 0 * 
0 0 0 0 0 * 0 0 
* 0 0 0 0 0 0 0 
0 0 * 0 0 0 0 0 
0 0 0 0 * 0 0 0 
0 0 0 0 0 0 * 0 
0 0 0 * 0 0 0 0 

--------------------------
第31种
0 0 0 0 0 * 0 0 
0 * 0 0 0 0 0 0 
0 0 0 0 0 0 * 0 
* 0 0 0 0 0 0 0 
0 0 * 0 0 0 0 0 
0 0 0 0 * 0 0 0 
0 0 0 0 0 0 0 * 
0 0 0 * 0 0 0 0 

--------------------------
第32种
0 0 0 0 0 0 * 0 
0 * 0 0 0 0 0 0 
0 0 0 * 0 0 0 0 
* 0 0 0 0 0 0 0 
0 0 0 0 0 0 0 * 
0 0 0 0 * 0 0 0 
0 0 * 0 0 0 0 0 
0 0 0 0 0 * 0 0 

--------------------------
第33种
0 0 0 0 0 0 0 * 
0 * 0 0 0 0 0 0 
0 0 0 * 0 0 0 0 
* 0 0 0 0 0 0 0 
0 0 0 0 0 0 * 0 
0 0 0 0 * 0 0 0 
0 0 * 0 0 0 0 0 
0 0 0 0 0 * 0 0 

--------------------------
第34种
0 0 0 0 * 0 0 0 
0 * 0 0 0 0 0 0 
0 0 0 0 0 0 0 * 
* 0 0 0 0 0 0 0 
0 0 0 * 0 0 0 0 
0 0 0 0 0 0 * 0 
0 0 * 0 0 0 0 0 
0 0 0 0 0 * 0 0 

--------------------------
第35种
0 0 0 0 0 * 0 0 
0 * 0 0 0 0 0 0 
0 0 0 0 0 0 * 0 
* 0 0 0 0 0 0 0 
0 0 0 * 0 0 0 0 
0 0 0 0 0 0 0 * 
0 0 0 0 * 0 0 0 
0 0 * 0 0 0 0 0 

--------------------------
第36种
0 0 0 0 * 0 0 0 
0 * 0 0 0 0 0 0 
0 0 0 0 0 * 0 0 
* 0 0 0 0 0 0 0 
0 0 0 0 0 0 * 0 
0 0 0 * 0 0 0 0 
0 0 0 0 0 0 0 * 
0 0 * 0 0 0 0 0 

--------------------------
第37种
0 0 * 0 0 0 0 0 
0 0 0 0 * 0 0 0 
0 0 0 0 0 0 * 0 
* 0 0 0 0 0 0 0 
0 0 0 * 0 0 0 0 
0 * 0 0 0 0 0 0 
0 0 0 0 0 0 0 * 
0 0 0 0 0 * 0 0 

--------------------------
第38种
0 0 0 0 0 * 0 0 
0 0 0 * 0 0 0 0 
0 0 0 0 0 0 * 0 
* 0 0 0 0 0 0 0 
0 0 0 0 0 0 0 * 
0 * 0 0 0 0 0 0 
0 0 0 0 * 0 0 0 
0 0 * 0 0 0 0 0 

--------------------------
第39种
0 0 0 0 * 0 0 0 
0 0 0 0 0 0 0 * 
0 0 0 * 0 0 0 0 
* 0 0 0 0 0 0 0 
0 0 0 0 0 0 * 0 
0 * 0 0 0 0 0 0 
0 0 0 0 0 * 0 0 
0 0 * 0 0 0 0 0 

--------------------------
第40种
0 0 * 0 0 0 0 0 
0 0 0 0 0 * 0 0 
0 0 0 0 0 0 0 * 
* 0 0 0 0 0 0 0 
0 0 0 0 * 0 0 0 
0 0 0 0 0 0 * 0 
0 * 0 0 0 0 0 0 
0 0 0 * 0 0 0 0 

--------------------------
第41种
0 0 0 0 0 0 * 0 
0 0 0 0 * 0 0 0 
0 0 * 0 0 0 0 0 
* 0 0 0 0 0 0 0 
0 0 0 0 0 * 0 0 
0 0 0 0 0 0 0 * 
0 * 0 0 0 0 0 0 
0 0 0 * 0 0 0 0 

--------------------------
第42种
0 0 0 0 0 * 0 0 
0 0 0 * 0 0 0 0 
0 0 0 0 0 0 * 0 
* 0 0 0 0 0 0 0 
0 0 * 0 0 0 0 0 
0 0 0 0 * 0 0 0 
0 * 0 0 0 0 0 0 
0 0 0 0 0 0 0 * 

--------------------------
第43种
0 0 0 0 * 0 0 0 
0 0 0 0 0 0 0 * 
0 0 0 * 0 0 0 0 
* 0 0 0 0 0 0 0 
0 0 * 0 0 0 0 0 
0 0 0 0 0 * 0 0 
0 * 0 0 0 0 0 0 
0 0 0 0 0 0 * 0 

--------------------------
第44种
0 0 * 0 0 0 0 0 
0 0 0 0 0 * 0 0 
0 0 0 * 0 0 0 0 
* 0 0 0 0 0 0 0 
0 0 0 0 0 0 0 * 
0 0 0 0 * 0 0 0 
0 0 0 0 0 0 * 0 
0 * 0 0 0 0 0 0 

--------------------------
第45种
0 0 * 0 0 0 0 0 
0 0 0 0 0 * 0 0 
0 0 0 0 0 0 0 * 
* 0 0 0 0 0 0 0 
0 0 0 * 0 0 0 0 
0 0 0 0 0 0 * 0 
0 0 0 0 * 0 0 0 
0 * 0 0 0 0 0 0 

--------------------------
第46种
0 0 0 0 * 0 0 0 
0 0 0 0 0 0 * 0 
0 0 0 * 0 0 0 0 
* 0 0 0 0 0 0 0 
0 0 * 0 0 0 0 0 
0 0 0 0 0 0 0 * 
0 0 0 0 0 * 0 0 
0 * 0 0 0 0 0 0 

--------------------------
第47种
0 * 0 0 0 0 0 0 
0 0 0 0 0 * 0 0 
0 0 0 0 0 0 0 * 
0 0 * 0 0 0 0 0 
* 0 0 0 0 0 0 0 
0 0 0 * 0 0 0 0 
0 0 0 0 0 0 * 0 
0 0 0 0 * 0 0 0 

--------------------------
第48种
0 * 0 0 0 0 0 0 
0 0 0 0 * 0 0 0 
0 0 0 0 0 0 * 0 
0 0 0 * 0 0 0 0 
* 0 0 0 0 0 0 0 
0 0 0 0 0 0 0 * 
0 0 0 0 0 * 0 0 
0 0 * 0 0 0 0 0 

--------------------------
第49种
0 * 0 0 0 0 0 0 
0 0 0 0 0 0 * 0 
0 0 0 0 * 0 0 0 
0 0 0 0 0 0 0 * 
* 0 0 0 0 0 0 0 
0 0 0 * 0 0 0 0 
0 0 0 0 0 * 0 0 
0 0 * 0 0 0 0 0 

--------------------------
第50种
0 0 0 0 0 0 * 0 
0 * 0 0 0 0 0 0 
0 0 0 0 0 * 0 0 
0 0 * 0 0 0 0 0 
* 0 0 0 0 0 0 0 
0 0 0 * 0 0 0 0 
0 0 0 0 0 0 0 * 
0 0 0 0 * 0 0 0 

--------------------------
第51种
0 0 0 0 0 0 0 * 
0 * 0 0 0 0 0 0 
0 0 0 0 * 0 0 0 
0 0 * 0 0 0 0 0 
* 0 0 0 0 0 0 0 
0 0 0 0 0 0 * 0 
0 0 0 * 0 0 0 0 
0 0 0 0 0 * 0 0 

--------------------------
第52种
0 0 0 * 0 0 0 0 
0 * 0 0 0 0 0 0 
0 0 0 0 0 0 0 * 
0 0 0 0 0 * 0 0 
* 0 0 0 0 0 0 0 
0 0 * 0 0 0 0 0 
0 0 0 0 * 0 0 0 
0 0 0 0 0 0 * 0 

--------------------------
第53种
0 0 0 * 0 0 0 0 
0 * 0 0 0 0 0 0 
0 0 0 0 0 0 * 0 
0 0 0 0 * 0 0 0 
* 0 0 0 0 0 0 0 
0 0 0 0 0 0 0 * 
0 0 0 0 0 * 0 0 
0 0 * 0 0 0 0 0 

--------------------------
第54种
0 0 * 0 0 0 0 0 
0 0 0 0 0 * 0 0 
0 * 0 0 0 0 0 0 
0 0 0 0 0 0 * 0 
* 0 0 0 0 0 0 0 
0 0 0 * 0 0 0 0 
0 0 0 0 0 0 0 * 
0 0 0 0 * 0 0 0 

--------------------------
第55种
0 0 * 0 0 0 0 0 
0 0 0 0 * 0 0 0 
0 * 0 0 0 0 0 0 
0 0 0 0 0 0 0 * 
* 0 0 0 0 0 0 0 
0 0 0 0 0 0 * 0 
0 0 0 * 0 0 0 0 
0 0 0 0 0 * 0 0 

--------------------------
第56种
0 0 0 0 0 * 0 0 
0 0 0 0 0 0 0 * 
0 * 0 0 0 0 0 0 
0 0 0 * 0 0 0 0 
* 0 0 0 0 0 0 0 
0 0 0 0 0 0 * 0 
0 0 0 0 * 0 0 0 
0 0 * 0 0 0 0 0 

--------------------------
第57种
0 0 * 0 0 0 0 0 
0 0 0 0 0 0 0 * 
0 0 0 * 0 0 0 0 
0 0 0 0 0 0 * 0 
* 0 0 0 0 0 0 0 
0 0 0 0 0 * 0 0 
0 * 0 0 0 0 0 0 
0 0 0 0 * 0 0 0 

--------------------------
第58种
0 0 * 0 0 0 0 0 
0 0 0 0 * 0 0 0 
0 0 0 0 0 0 0 * 
0 0 0 * 0 0 0 0 
* 0 0 0 0 0 0 0 
0 0 0 0 0 0 * 0 
0 * 0 0 0 0 0 0 
0 0 0 0 0 * 0 0 

--------------------------
第59种
0 0 0 0 0 * 0 0 
0 0 * 0 0 0 0 0 
0 0 0 0 0 0 * 0 
0 0 0 * 0 0 0 0 
* 0 0 0 0 0 0 0 
0 0 0 0 0 0 0 * 
0 * 0 0 0 0 0 0 
0 0 0 0 * 0 0 0 

--------------------------
第60种
0 0 0 0 0 * 0 0 
0 0 * 0 0 0 0 0 
0 0 0 0 * 0 0 0 
0 0 0 0 0 0 * 0 
* 0 0 0 0 0 0 0 
0 0 0 * 0 0 0 0 
0 * 0 0 0 0 0 0 
0 0 0 0 0 0 0 * 

--------------------------
第61种
0 0 0 0 0 * 0 0 
0 0 * 0 0 0 0 0 
0 0 0 0 * 0 0 0 
0 0 0 0 0 0 0 * 
* 0 0 0 0 0 0 0 
0 0 0 * 0 0 0 0 
0 * 0 0 0 0 0 0 
0 0 0 0 0 0 * 0 

--------------------------
第62种
0 0 0 * 0 0 0 0 
0 0 0 0 0 0 0 * 
0 0 0 0 * 0 0 0 
0 0 * 0 0 0 0 0 
* 0 0 0 0 0 0 0 
0 0 0 0 0 0 * 0 
0 * 0 0 0 0 0 0 
0 0 0 0 0 * 0 0 

--------------------------
第63种
0 0 0 * 0 0 0 0 
0 0 0 0 0 0 * 0 
0 0 0 0 * 0 0 0 
0 0 * 0 0 0 0 0 
* 0 0 0 0 0 0 0 
0 0 0 0 0 * 0 0 
0 0 0 0 0 0 0 * 
0 * 0 0 0 0 0 0 

--------------------------
第64种
0 0 0 * 0 0 0 0 
0 0 0 0 0 * 0 0 
0 0 0 0 0 0 0 * 
0 0 * 0 0 0 0 0 
* 0 0 0 0 0 0 0 
0 0 0 0 0 0 * 0 
0 0 0 0 * 0 0 0 
0 * 0 0 0 0 0 0 

--------------------------
第65种
0 * 0 0 0 0 0 0 
0 0 0 * 0 0 0 0 
0 0 0 0 0 * 0 0 
0 0 0 0 0 0 0 * 
0 0 * 0 0 0 0 0 
* 0 0 0 0 0 0 0 
0 0 0 0 0 0 * 0 
0 0 0 0 * 0 0 0 

--------------------------
第66种
0 0 0 * 0 0 0 0 
0 * 0 0 0 0 0 0 
0 0 0 0 * 0 0 0 
0 0 0 0 0 0 0 * 
0 0 0 0 0 * 0 0 
* 0 0 0 0 0 0 0 
0 0 * 0 0 0 0 0 
0 0 0 0 0 0 * 0 

--------------------------
第67种
0 0 0 * 0 0 0 0 
0 * 0 0 0 0 0 0 
0 0 0 0 0 0 0 * 
0 0 0 0 * 0 0 0 
0 0 0 0 0 0 * 0 
* 0 0 0 0 0 0 0 
0 0 * 0 0 0 0 0 
0 0 0 0 0 * 0 0 

--------------------------
第68种
0 0 * 0 0 0 0 0 
0 0 0 0 0 0 * 0 
0 * 0 0 0 0 0 0 
0 0 0 0 0 0 0 * 
0 0 0 0 * 0 0 0 
* 0 0 0 0 0 0 0 
0 0 0 * 0 0 0 0 
0 0 0 0 0 * 0 0 

--------------------------
第69种
0 0 * 0 0 0 0 0 
0 0 0 0 0 * 0 0 
0 * 0 0 0 0 0 0 
0 0 0 0 * 0 0 0 
0 0 0 0 0 0 0 * 
* 0 0 0 0 0 0 0 
0 0 0 0 0 0 * 0 
0 0 0 * 0 0 0 0 

--------------------------
第70种
0 0 * 0 0 0 0 0 
0 0 0 0 0 * 0 0 
0 * 0 0 0 0 0 0 
0 0 0 0 0 0 * 0 
0 0 0 0 * 0 0 0 
* 0 0 0 0 0 0 0 
0 0 0 0 0 0 0 * 
0 0 0 * 0 0 0 0 

--------------------------
第71种
0 0 0 0 * 0 0 0 
0 0 0 0 0 0 * 0 
0 * 0 0 0 0 0 0 
0 0 0 0 0 * 0 0 
0 0 * 0 0 0 0 0 
* 0 0 0 0 0 0 0 
0 0 0 * 0 0 0 0 
0 0 0 0 0 0 0 * 

--------------------------
第72种
0 0 0 0 * 0 0 0 
0 0 0 0 0 0 * 0 
0 * 0 0 0 0 0 0 
0 0 0 0 0 * 0 0 
0 0 * 0 0 0 0 0 
* 0 0 0 0 0 0 0 
0 0 0 0 0 0 0 * 
0 0 0 * 0 0 0 0 

--------------------------
第73种
0 0 0 0 0 0 * 0 
0 0 0 * 0 0 0 0 
0 * 0 0 0 0 0 0 
0 0 0 0 * 0 0 0 
0 0 0 0 0 0 0 * 
* 0 0 0 0 0 0 0 
0 0 * 0 0 0 0 0 
0 0 0 0 0 * 0 0 

--------------------------
第74种
0 0 0 0 0 0 * 0 
0 0 0 * 0 0 0 0 
0 * 0 0 0 0 0 0 
0 0 0 0 0 0 0 * 
0 0 0 0 0 * 0 0 
* 0 0 0 0 0 0 0 
0 0 * 0 0 0 0 0 
0 0 0 0 * 0 0 0 

--------------------------
第75种
0 0 0 0 * 0 0 0 
0 0 0 0 0 0 * 0 
0 * 0 0 0 0 0 0 
0 0 0 * 0 0 0 0 
0 0 0 0 0 0 0 * 
* 0 0 0 0 0 0 0 
0 0 * 0 0 0 0 0 
0 0 0 0 0 * 0 0 

--------------------------
第76种
0 0 * 0 0 0 0 0 
0 0 0 0 0 * 0 0 
0 0 0 0 0 0 0 * 
0 * 0 0 0 0 0 0 
0 0 0 * 0 0 0 0 
* 0 0 0 0 0 0 0 
0 0 0 0 0 0 * 0 
0 0 0 0 * 0 0 0 

--------------------------
第77种
0 0 0 0 0 0 * 0 
0 0 * 0 0 0 0 0 
0 0 0 0 0 0 0 * 
0 * 0 0 0 0 0 0 
0 0 0 0 * 0 0 0 
* 0 0 0 0 0 0 0 
0 0 0 0 0 * 0 0 
0 0 0 * 0 0 0 0 

--------------------------
第78种
0 0 0 * 0 0 0 0 
0 0 0 0 0 0 * 0 
0 0 0 0 * 0 0 0 
0 * 0 0 0 0 0 0 
0 0 0 0 0 * 0 0 
* 0 0 0 0 0 0 0 
0 0 * 0 0 0 0 0 
0 0 0 0 0 0 0 * 

--------------------------
第79种
0 0 0 * 0 0 0 0 
0 0 0 0 0 * 0 0 
0 0 0 0 0 0 0 * 
0 * 0 0 0 0 0 0 
0 0 0 0 0 0 * 0 
* 0 0 0 0 0 0 0 
0 0 * 0 0 0 0 0 
0 0 0 0 * 0 0 0 

--------------------------
第80种
0 0 0 0 * 0 0 0 
0 0 * 0 0 0 0 0 
0 0 0 0 0 0 0 * 
0 0 0 * 0 0 0 0 
0 0 0 0 0 0 * 0 
* 0 0 0 0 0 0 0 
0 0 0 0 0 * 0 0 
0 * 0 0 0 0 0 0 

--------------------------
第81种
0 * 0 0 0 0 0 0 
0 0 0 0 0 0 * 0 
0 0 * 0 0 0 0 0 
0 0 0 0 0 * 0 0 
0 0 0 0 0 0 0 * 
0 0 0 0 * 0 0 0 
* 0 0 0 0 0 0 0 
0 0 0 * 0 0 0 0 

--------------------------
第82种
0 0 0 * 0 0 0 0 
0 * 0 0 0 0 0 0 
0 0 0 0 0 0 * 0 
0 0 * 0 0 0 0 0 
0 0 0 0 0 * 0 0 
0 0 0 0 0 0 0 * 
* 0 0 0 0 0 0 0 
0 0 0 0 * 0 0 0 

--------------------------
第83种
0 0 0 0 * 0 0 0 
0 * 0 0 0 0 0 0 
0 0 0 * 0 0 0 0 
0 0 0 0 0 * 0 0 
0 0 0 0 0 0 0 * 
0 0 * 0 0 0 0 0 
* 0 0 0 0 0 0 0 
0 0 0 0 0 0 * 0 

--------------------------
第84种
0 0 * 0 0 0 0 0 
0 0 0 0 0 0 * 0 
0 * 0 0 0 0 0 0 
0 0 0 0 0 0 0 * 
0 0 0 0 0 * 0 0 
0 0 0 * 0 0 0 0 
* 0 0 0 0 0 0 0 
0 0 0 0 * 0 0 0 

--------------------------
第85种
0 0 0 0 0 * 0 0 
0 0 0 * 0 0 0 0 
0 * 0 0 0 0 0 0 
0 0 0 0 0 0 0 * 
0 0 0 0 * 0 0 0 
0 0 0 0 0 0 * 0 
* 0 0 0 0 0 0 0 
0 0 * 0 0 0 0 0 

--------------------------
第86种
0 0 0 0 0 * 0 0 
0 0 * 0 0 0 0 0 
0 0 0 0 0 0 * 0 
0 * 0 0 0 0 0 0 
0 0 0 * 0 0 0 0 
0 0 0 0 0 0 0 * 
* 0 0 0 0 0 0 0 
0 0 0 0 * 0 0 0 

--------------------------
第87种
0 0 0 0 0 * 0 0 
0 0 * 0 0 0 0 0 
0 0 0 0 0 0 * 0 
0 * 0 0 0 0 0 0 
0 0 0 0 0 0 0 * 
0 0 0 0 * 0 0 0 
* 0 0 0 0 0 0 0 
0 0 0 * 0 0 0 0 

--------------------------
第88种
0 0 0 * 0 0 0 0 
0 0 0 0 0 0 * 0 
0 0 * 0 0 0 0 0 
0 0 0 0 0 0 0 * 
0 * 0 0 0 0 0 0 
0 0 0 0 * 0 0 0 
* 0 0 0 0 0 0 0 
0 0 0 0 0 * 0 0 

--------------------------
第89种
0 0 0 * 0 0 0 0 
0 * 0 0 0 0 0 0 
0 0 0 0 0 0 * 0 
0 0 * 0 0 0 0 0 
0 0 0 0 0 * 0 0 
0 0 0 0 0 0 0 * 
0 0 0 0 * 0 0 0 
* 0 0 0 0 0 0 0 

--------------------------
第90种
0 0 0 0 * 0 0 0 
0 * 0 0 0 0 0 0 
0 0 0 * 0 0 0 0 
0 0 0 0 0 0 * 0 
0 0 * 0 0 0 0 0 
0 0 0 0 0 0 0 * 
0 0 0 0 0 * 0 0 
* 0 0 0 0 0 0 0 

--------------------------
第91种
0 0 * 0 0 0 0 0 
0 0 0 0 * 0 0 0 
0 * 0 0 0 0 0 0 
0 0 0 0 0 0 0 * 
0 0 0 0 0 * 0 0 
0 0 0 * 0 0 0 0 
0 0 0 0 0 0 * 0 
* 0 0 0 0 0 0 0 

--------------------------
第92种
0 0 * 0 0 0 0 0 
0 0 0 0 0 * 0 0 
0 0 0 * 0 0 0 0 
0 * 0 0 0 0 0 0 
0 0 0 0 0 0 0 * 
0 0 0 0 * 0 0 0 
0 0 0 0 0 0 * 0 
* 0 0 0 0 0 0 0 */