567349 176467 126231 520461 147130 519587 61726 838769 829970 358817
579620 466086 390808 586249 331293 563509 558902 335523 13968 118091
743712 77946 317607 845241 844327 153956 766998 462421 434043 52224
954086 120125 673664 171519 373405 400059 406923 47448 635340 960644
483001 887135 241077 392027 22252 160432 813014 88403 153763 433989
272086 33969 20149 838952 518603 989744 982890 464770 203750 917086
934326 244497 976892 40419 33491 643896 373745 852577 91002 835568
250307 797175 637501 697884 494320 230112 123396 350459 140997 561529
298658 159607 877893 313632 945043 231450 831730 581240 540692 929312
267835 381640 111263 206375 314625 596547 680258 308419 985159 258658
364123 275182 610679 978158 405682 752476 905419 527770 492595 378605
221022 783052 245766 791484 487632 659196 731981 506900 283087 586357
610617 373891 162057 777529 592585 482758 245611 659138 254369 218915
765012 818722 300547 907030 608283 462475 499820 551843 264633 791531
428557 115850 377685 772336 599524 117209 913195 427881 865079 411483
649688 371404 826925 634158 544004 782612 826441 603123 756012 966019
948868 745950 929802 232133 268805 903980 139364 985781 372479 402037
186542 779064 642919 327639 488989 284807 293841 840466 974154 353163
767014 241906 487294 108129 43908 886567 816288 477565 111154 921968
585272 974954 630078 686262 596959 863087 478517 841141 390085 114510
192639 574037 816735 484454 871892 740695 538155 854264 386271 474922
855649 492742 565421 830686 269112 460503 754066 941168 812497 719960
933337 667587 43332 47325 998949 187248 115974 487876 725416 11636
136500 648058 588863 288904 92542 820183 314345 25550 69747 69733
992739 505831 426532 694206 412065 693281 89720 555987 78826 583502