37789 131273 846280 96792 889112 539914 621194 725898 397411 770433
815847 66350 40924 284798 410840 158854 251012 954762 464722 313645
704339 942261 635880 869438 69877 380939 456349 959506 652325 302117
426314 56997 374245 332507 177128 845466 602519 324823 846715 469717
837691 172612 269340 921542 725062 470758 105633 574086 966555 541956
275818 918937 11048 846592 759691 253907 472672 279943 115601 20888
976848 543715 856563 683324 541409 696941 768535 396681 513961 172768
815357 151454 169325 620106 159500 690100 899831 742492 935159 897724
408720 600608 918348 534116 113755 401161 492825 83833 926734 100646
880059 734951 223437 561073 580 432859 103653 622084 698632 225097
883617 546987 466501 987401 364813 8212 490348 808221 221509 423715
52816 71310 535416 962274 983530 95219 904895 587414 270214 577107
696788 339565 991822 593506 92464 633363 156337 933672 787909 577763
681584 352511 222869 938106 990533 727227 261357 753512 758000 913380
198914 336640 616031 591646 185638 59343 302457 757866 39271 203049
342343 6149 790789 228574 485119 592430 104589 880268 142703 215173
494806 123150 135171 490639 969239 262674 782771 48598 723748 807241
793163 547693 34947 575735 220120 825938 163887 399914 433132 660780
519209 185287 78479 691315 702965 489280 893186 351790 859384 80097
658352 196056 633644 693194 199156 631900 126333 448503 273281 486720
922819 971643 960626 293790 995933 772940 359535 911756 264614 297463
485560 34013 435735 148468 180241 752961 888633 359380 954122 408583
692677 137687 211946 849987 399129 739674 28024 921227 799897 425389
185125 477083 118496 490051 97817 627160 83298 850882 749528 689330
265952 244283 608465 498722 705734 975923 612739 945747 32740 18400