457164 922441 36049 424624 217540 835389 90891 352208 34483 849000
978290 193389 964323 143646 875541 244306 561281 476017 925561 83777
161128 24946 751793 554251 677832 352919 96597 170113 512563 499448
564194 426885 756036 107636 926126 112377 918636 582257 718214 948057
153690 535936 164134 765349 986822 240286 948052 417334 785243 539990
348121 283634 585663 936964 233181 580059 56064 654902 82270 115969
466332 557099 196108 395544 956589 850813 529797 978660 336559 592730
218344 88145 251439 90990 148056 823775 64274 170845 595599 859642
271488 263596 502236 484071 687467 871999 941370 316507 818751 595581
770831 296870 866664 334031 475454 5580 875323 466568 287465 56692
147906 649567 726406 821306 960039 827351 9501 229727 456123 138623
744603 317920 570148 7317 845910 556196 866145 254854 296094 129102
964668 967185 352892 39987 90507 236233 7114 505701 944354 566905
978542 637550 202392 18850 204532 696025 279028 519391 62280 525801
458357 620394 243661 846701 799419 42935 909020 627691 674965 420158
658780 622394 637224 220118 240314 885356 822968 311741 436101 201319
424790 961460 305577 787413 726374 15239 995527 361649 79180 739754
40109 914882 571699 828287 840695 246501 855417 274549 300993 341058
790651 979914 336007 703777 422712 227568 665820 327125 338596 925326
832323 122070 823052 896413 404654 265901 621728 574579 682320 46600
437666 519645 156769 526381 491498 516388 218030 461579 663187 979890
155930 867500 818630 167439 210613 395207 383329 342340 413686 491187
409859 328672 749464 389045 23030 504728 115087 554618 634618 870025
922726 73632 480810 819418 233655 777198 824653 749949 539782 384805
465404 535764 502266 901934 617067 612080 251704 552882 337877 487732