606605 809437 539847 107439 143376 889004 855604 707074 616258 492223
764288 688183 799314 384076 9359 456291 712243 586561 716711 653087
478984 55142 445232 23352 683242 646239 416074 626186 413337 317005
723147 801767 82684 614291 616084 866160 52758 157365 930318 297670
185416 35293 408710 396059 131837 257272 70435 236194 663285 226301
72384 160293 56369 511374 612842 365876 744952 194231 778167 91579
832453 980051 662913 43181 192334 379917 269886 857373 738736 222980
730557 473323 718204 297416 746559 495067 502936 508161 588336 970049
775827 337520 727169 485656 835913 973132 537059 510771 708655 200142
656801 505739 221180 613449 672858 443702 221429 489008 235290 838265
257107 515772 737109 393652 603410 444709 771839 827836 632920 281869
651914 472710 618112 565820 696189 168638 918659 320582 985326 728055
175619 73737 127644 370813 799987 656979 716779 585479 537829 975456
573692 377993 776177 114560 386985 90917 297023 742167 845978 397377
679282 298367 644039 214644 309553 183432 841674 502489 721171 306975
123807 227846 642983 745036 805244 31703 755997 782613 847751 201123
876308 744256 916280 293201 683264 728054 499789 950467 708663 612547
562532 970863 87769 421370 401464 733327 231130 839478 838842 225839
215342 146171 533387 65956 727887 180410 421716 139163 574190 898675
529923 326095 717108 124085 945122 769492 455219 258945 609685 58705
55150 45133 929712 386571 580993 598628 908531 609243 929262 801258
702307 895042 221382 390653 616646 918739 344113 54072 339450 974414
311642 527121 463154 821197 859705 559778 240270 132696 296446 562117
526550 774867 439383 932696 743380 331607 928286 78944 397323 388573
504034 886217 647511 424406 888273 5387 588578 338201 409535 120553